Own Grayscale (Outer)
(1,14.9026)(2,8.1633)(3,5.44175)(4,4.17895)(5,5.5431)(6,4.61635)(7,3.9755)(8,3.8757)(9,4.8874)(10,4.74365)(11,4.8027)(12,4.56595)(13,4.35775)(14,4.2467)(15,4.01515)(16,4.14935)

Own Grayscale (Inner)
(1,14.7519)(2,8.90365)(3,6.3135)(4,5.0372)(5,6.3108)(6,5.67175)(7,5.0673)(8,5.25085)(9,27.3387)(10,28.9723)(11,32.062)(12,33.392)(13,34.1063)(14,35.4977)(15,36.9034)(16,39.4664)

Own Grayscale (Both)
(1,13.8074)(2,7.90575)(3,4.88615)(4,3.6669)(5,5.34365)(6,4.4795)(7,3.8434)(8,3.3855)(9,4.66435)(10,5.01745)(11,4.648)(12,4.5174)(13,4.2454)(14,3.9274)(15,3.99295)(16,4.0214)

OpenCV Grayscale
(1,0.09585)(2,0.06465)(3,0.06365)(4,0.0636)(5,0.0639)(6,0.07325)(7,0.06355)(8,0.06395)(9,0.0635)(10,0.06365)(11,0.064)(12,0.06345)(13,0.0635)(14,0.0641)(15,0.06355)(16,0.0635)

Own HSV (Outer)
(1,29.9505)(2,15.4616)(3,10.3525)(4,7.96115)(5,9.31345)(6,8.21685)(7,7.3708)(8,6.482)(9,8.69645)(10,8.6622)(11,8.1793)(12,7.88445)(13,7.55475)(14,7.2305)(15,7.03225)(16,6.9553)

Own HSV (Inner)
(1,29.5606)(2,15.8725)(3,11.5599)(4,8.8238)(5,10.6288)(6,9.3032)(7,8.2235)(8,7.48865)(9,31.2861)(10,33.0746)(11,34.5849)(12,36.6103)(13,37.1819)(14,39.379)(15,41.2283)(16,43.8738)

Own HSV (Both)
(1,29.8867)(2,15.684)(3,10.6228)(4,8.1048)(5,9.88595)(6,8.4057)(7,7.59045)(8,6.6114)(9,8.84475)(10,8.28165)(11,8.15135)(12,7.78885)(13,7.7203)(14,9.9341)(15,10.27)(16,9.46965)

OpenCV HSV
(1,0.4264)(2,0.31485)(3,0.3335)(4,0.35675)(5,0.31925)(6,0.353)(7,0.3145)(8,0.3447)(9,0.3269)(10,0.31855)(11,0.29065)(12,0.18565)(13,0.3473)(14,0.38325)(15,0.21065)(16,0.25315)

Own Emboss (Outer)
(1,36.3493)(2,22.6957)(3,11.7544)(4,8.7224)(5,10.7097)(6,8.99585)(7,7.85335)(8,10.7161)(9,9.37155)(10,8.83275)(11,8.74405)(12,8.70635)(13,8.4316)(14,7.9963)(15,7.9568)(16,8.21885)

Own Emboss (Inner)
(1,29.4602)(2,15.8904)(3,12.2997)(4,9.68025)(5,11.9909)(6,10.2798)(7,9.14975)(8,11.5965)(9,36.3248)(10,46.1844)(11,48.7518)(12,51.4813)(13,57.2957)(14,79.9045)(15,83.9984)(16,78.1624)

Own Emboss (Both)
(1,30.3879)(2,15.1136)(3,10.108)(4,13.7441)(5,11.0025)(6,12.1459)(7,11.262)(8,17.3988)(9,14.2745)(10,13.2155)(11,13.8994)(12,14.9856)(13,10.2438)(14,11.4211)(15,9.7861)(16,11.028)

